113646869863729728683970721951103
173230224748964606110478506989211
181321089726924322068565587263497
199763519629182147878677886630953
216345702438951151188770680384171
284509416906017954222427032777209
323884730771441902843126297394689
324518553658426708768757511094273
649037107316853453566312041152511
679383267714489834903027355409491
761103783720685641273661490773801
779261118849566979810923467921891
814478035687034866073824906640123
883806391354117142197428558186721
994820605449230813470168857841937
2750536925814652390209682204241089
3389442718676506439903448337812337
4385986375037874605454573509189137
4929763073019247417933318805085713
7552431780164976130367798410906531
35390036549793448708739855632538369
37533009260256417390762023132204711
59738382056572530252363506817168103
81686163401772292480579354767223441
306364253212254593429178936770606659
668754623827703370573334290170688941
865033026808868035496344728139226467
1772303994379887830538409413707126101
2128544896950091364396889877741570631
2872713635004430090010909106879833917
6132481285669034621315976407963671489
8133769113182766301474722794599781419
11984519097488721569449398539987242447
12152947470724737998788815750591901111
16191874708505622053275817751400123073
38427869697315510515998803680230232651
38637736456181416548155379622824023563
110483114904628180514196887638679762801
255461249081615393102146524966909113341
340282366841710300967557013907638845441
340282366920938463463374607431768211457
345066392766213157724807959422739604023
744073579624848590845803823140730546249
811884502427173035241752387454548195361
1959643690556293773421416368422527373109
3231874960839190339703355596665308695857
7259357160980020553885324958544388511061
21902395382351839778731997299984032721931
35657512630090883498190108804189845169601
174224571863520493293247799005065324265471
193765331470610336970363409072892651632289
232299429151360657724330398673420432353963
696898287454081973172991196020261297061887
826129181682259322536706249120547016059863
2316008741124365073268316463483698549209373
4040065120112405510415104360767274319577867
11510062038035036086898638569115182202584031
15238994337567792245232087644285403374588353
19513747561065495810126835881293648540499961
22517871350031141032145384333278160948994153
37807813786676146316664362577636429135576871
38716702823547393087419816553422771127786631
45326313029738956649413374045288519403793963
104834307810534736373478336584193853205660081
122702121929207514404730074739489368409576229
230520762985946832524240509892158204993049297
713623846352979940529142984724747568191373311
951498461803973254038857312966330090921831083
1382124071441150532707590735054251198789582943
2372258135017776448513800284943359870235366583
2439048893821159403601896086116417624073630057
2769341980720337740856195329235926229276152441
12004120224483802202905013857734643342673674711
16383951092933941709338977944136788349854738047
18763511492312494837519725033870032749845472969
85781299764464652196831378020364843965355203991
91332703321545501540374299322682400349546864641
112206157457368351440387903302732365898870246231
182687704666362864775460604089535377456991567871
754323425719518726297588435037001201022351145951
1461479336925981562283850179240647633797262540801
1899210256601562066805097164461886596419283025421
3897337699549074448543159553910088052415820114603
13362300684168255252147976995035524310716154342839
70555260738283596526707351449106106379629341966511
71678930816926513487294061138929335061680969232161
187072209578355573530071658587684226515959365500927
352135923912198726644840769106229132265335276237041
564143398073215114433405863114415307792651986815241
713452300216894254356772359008523828500344097850839
7093860452438658103206582506698957598119434675231487
13140857335218174082315427640356831187853932250967689
25519458250411701700304579872164720644766992354249617
54731983602353173512798108200935330792482131142208951
95408282699821874450325106748657381081322279980302081
255415923477648143059724504525051530603123187030600363
637625246115768273029182733831851939265819030368635737
766623559847451121791892617083422705327138576935679999
1529502396908316050535453169288937572311664502169927169
1556820866911379157697368408533647424628560378091278401
2180242114443628445298381674706410991636351362712407809
8194649785100105435816957471550478350003074992772891009
12655447047150655978480214687038028503217661982582733791
23077579909509855749396284644145832412141012663470715121
176383170332791880228059253751533700795501437493700500871
952745498183786543591068884373699114515989910460536293311
3747752581160035665244801335942601874858410944182238083903
12554203470773361527671578846415332832204710888928069025791
66955751844124594814248420514215108438425124740949701470891
216613513765708687178959939782445929702196520191348629414679
235415365278521351032887709693537541605114157030857625390137
803469022129495137770981046170581301261101496891396417650687
1556721276769806230717396637223747573860751059022289863442401
3331183175233724578863740499663251101723631556182352213773759
5683887601179776001413234453665394011398989751256995480543041
14692004976082196804955081987120649680888973919615816440704439
193294377896742572297482546410768106963435670196065845714502713
212323168686607254818409528892933621013283046044081686116793311
3761153273877042382068500988702538619857229009071524198798290359
36648261345038022385697438303885833084170959561666370138894864473
53070761156194486661219047457839006766903857144146341282157936511
60178452382032678113096015819240339758955385493664287332755008951
15405683809800365596952580049725504725591756394259649569343871348151
61233806443677303623560403528692352493069235418799910128093317748271
132686104398972053177608575506090561429353935989033525802891469459697
215679573337205118357336120696157045389097155380324579848828881993727
239355774718878844430600267867526274252597052927188511239517086159151
862718293348820473429344482784628181556388621521298319395315527974911
7433274572150554537219493268236776576738720564438122368589962555497289
890379623195811174100372843467640355157436234870565432776543920837345151
1549016604737213658812753973254065548268394429675601921959085662533841401
3533694129556768659166595001485837031654967793751237916243212402585239551
24464659565029885058843694626054153358281473118574702692141868172832829241
32950967549909514657073955831196821646315866808587835112208542205047769881
626141161014594779021464495843523814170020617515187030419102308859485471417
815060712289905026924825466786005702906618215354232198719263794258636648383
6344772013003627146497040274448652485120006895841152508010371030774192534009
24746575395186366858894801240168726001487379944968762110181989180937020970649
231584178474632390847141970017375815706539969331281128078915168015826259279871
1058670530169748072444077577222289443230285896790909086604713196195127777521079
49572272994763992762058442171509380325249112006422549313201357907507705928796801
948568795032094272909893509191171341133987714380927500611236528192824358010355711
1615021421366084647963804972938600358842279404802776282865478465957729843254875609
3794275180128377091639574036764685364535950857523710002444946112771297432041422847
7588608256743087977590500540116743445925584618982806531428980886590618779326218241
29298363283601394282163099913776531251407012184431787638870460940186067169566568151
242833611528216133864932738352939863330300854881517440156476551217363035650651062271
1002667815342311778539501759536608779181153379144548089571762768678654471152107224031
1906057021527561917377448922183306578961894079712307373364660457156042119896327844602513
15914343565113172548972231940698266883214596825515126958094847260581103904401068017057791
31828687130226401637050536789795514059715404495050094614691019248562308626412218127220737
340671266169369206064467841436289249423178113613520179844482762577293966959284509798987071
1019015554830409476748444440246617079695643056513060160585953540242642116739949745550653439
28072587476617996036103218722657345634038278340298769450465797600439224658035965592773657961
260740604970814219042361048116400404614587954389239840081425977517360806369707098391474864127
4171849679533027504677776769862406473833407270227837441302815640277772901915313574263597826047
16687398718132110018711107079449625895333629080911349765211262561111091607661254297054391304191
13260194793460131541962016358575355946425587266103739229043593731716455113497582952923392573708449
15383707498885956718483448819773368578779366292341952407412420331912411885132156611495669358698329
38988395280911384123940842869401018107815698754684724223170334159888439809896157684524982322836841
1908263510646099063328049241602339603029268868352003176894642517232200056657301735803263201917603489
4374501449566023848745004454235242730706338861786424872851541212819905998398751846447026354046107647
19688352261533512060449938527425281248488358898818943869599151339110700379868978662955495610551758671
122200303036355015874253346604837931645706181508286367922288205590034959666034017792105619405908094623
8958996056640096847297303182376587736776546238637692220891576451570262185080341276681279522035712131073
286687326998758938951352611912760867599570623646035140467198604923365359511060601008752319138765710819327
1146749307995035755805410447651043470398282494584140561868794419693461438044242404035009276555062843277311
24089546485700028301134186744854166159474907144824500637113009404289025980821370363278585767549514703749313
19239260838083241802870625048898248928261591440656956380834127638791856333738872368854622194768025215237611323391
1231312693637327475383720003129487931408741852202045208373384168882678805359287831606695820465153613775207124697087
19701003098197239606139520050071806902539869635232723333974146702122860885748605305707133127442457820403313995153407
1260864198284623334792929283204595641762551656654894293374345388935863096687910739565256520156317300505812095689818111
